700
827
1032
2978
4247
2179
756
2362
99
2202
3954
2419
2424
4965
628
2793
4816
2217
71
4177
3590
1329
2133
4029
35
2509
1655
3953
588
2360
1766
646
453
3418
1509
767
80
1981
3108
2135
4094
2035
2979
3249
4
4808
1490
2994
3496
1373
4040
3962
2650
3121
1463
2655
4411
204
2734
2228
4945
3790
2305
122
906
659
1094
1011
2370
4633
4679
1064
651
3142
3977
3973
1017
4933
1858
3516
2261
3695
1940
2982
4473
4994
4296
3984
293
3419
3449
4014
4830
1468
4946
2345
3752
3787
645
1188
3135
1263
2591
2167
2666
987
3
4197
700
3691
2578
1368
1893
4477
963
186
463
3239
729
3722
4755
984
1434
3686
4710
4056
560
4488
4751
3673
4400
2841
733
780
38
3119
4422
3231
4707
357
1725
1977
2904
4413
2786
1904
3377
3551
4709
2450
4123
3330
1112
4921
801
953
2756
3499
1746
3914
2914
4778
859
923
3454
4319
846
4499
3362
2376
4504
1085
4518
548
2244
1431
2432
1588
2229
535
2516
4173
4986
2831
796
1375
1159
2259
3905
4048
434
4195
3979
2053
4440
2740
2375
3533
3839
707
3491
1281
1796
144
1615
4151
225
2199
4156
4463
574
1736
55
1185
3877
3378
3523
3873
1333
4350
3805
3126
3493
2209
108
3455
4675
525
3537
1605
3110
1257
1264
2717
4846
3139
289
2111
2913
1549
30
1221
3075
3513
4180
1582
493
2733
929
2436
3182
1149
2549
652
3230
16
4879
4391
3825
218
2004
2235
4676
1004
65
573
4471
328
2196
4507
582
902
4033
4517
3255
33
4996
1387
4725
383
394
4678
240
855
477
2485
2412
4047
3332
1230
3769
3641
2098
84
1340
4578
3988
1288
4702
2879
4115
2970
178
1168
1213
3558
4866
1361
1970
4128
4637
1044
1280
4119
3890
731
4260
1054
4344
2441
2372
4605
3948
2223
3729
2037
4035
2603
255
3670
3983
13
1705
1755
3990
2120
2023
604
1558
470
3101
1625
121
4692
4571
3270
2976
1947
1138
1465
1164
1277
1318
3041
93
681
2649
3113
1143
131
1641
4782
487
2961
4748
1275
2114
2788
656
1983
2488
1784
3827
4401
3554
4176
2382
2415
2418
331
1369
1248
4154
4370
193
833
763
2724
3186
2573
1096
601
377
3649
4532
4850
1672
1423
2090
8
2520
1968
2919
3644
2690
189
1652
1951
1376
951
2296
4275
4717
1776
4361
227
3813
3795
1261
1236
364
4102
4742
4873
1165
1966
417
1864
3727
3739
3812
4118
2668
2253
4739
318
19
2186
2590
98
3302
2796
3999
4055
2927
219
658
309
3680
2017
4143
1177
1095
3287
4451
1560
4677
4547
4470
740
3176
988
4214
1314
4297
379
3664
4741
4204
2496
2294
992
2099
3488
891
3299
118
300
1928
1837
36
2486
1076
2877
3893
2528
506
399
1271
1282
2078
2451
4226
404
2198
3919
2991
3050
371
3306
1855
1781
1513
3485
159
3760
4082
1556
1394
3250
3555
396
3382
3476
989
4615
3996
67
2768
3966
1565
4827
4694
3934
1378
4061
259
858
596
713
704
1862
2627
2188
962
924
1244
3901
1328
3044
1377
198
4536
3543
2823
3871
3484
602
4696
235
2014
4757
1580
2150
313
4719
4343
3492
1382
2373
312
410
3785
2772
40
2152
1323
442
4132
1163
4882
485
2016
2353
4485
1857
1035
4188
4622
418
4265
3073
109
4348
441
3356
2759
926
945
128
794
908
4528
3548
15
1108
4806
1462
2554
4952
1691
3072
938
7
4237
4090
1443
224
4556
3445
3637
407
2403
1186
2092
384
3268
290
1865
3945
3978
1218
395
1777
3779
1322
4661
1195
4713
4800
2944
1506
492
2077
3475
1326
3955
2057
481
1828
3333
619
2922
3288
739
1172
4339
167
1074
4043
4202
1235
907
1767
2174
4522
3151
3318
1810
2011
3587
3646
1193
3891
1905
2764
4878
269
2394
1089
4512
809
1304
249
3764
1771
393
1321
29
2987
2455
3020
4628
795
4405
4600
4234
4818
3927
1306
1287
2474
2840
197
1585
4183
1637
3159
3937
41
1937