165	218	399	327	358	666
27	929	558	117	489	929
796	349	933	695	717	187
737	784	913	484	313	44
688	289	938	43	29	181
389	502	81	319	890	531
87	536	87	808	878	472
773	197	300	598	598	391
249	279	140	43	931	69
573	388	31	634	155	180
150	942	193	476	927	351
998	304	707	874	406	51
382	851	879	686	456	320
930	346	739	739	635	345
576	757	384	977	996	187
126	202	320	594	54	750
573	203	149	699	885	399
5	338	729	490	225	877
938	443	397	439	415	415
799	985	635	955	133	769
21	975	582	694	589	366
175	175	646	337	230	223
736	276	692	911	216	564
168	917	224	2	202	158
700	816	254	863	927	310
754	971	391	321	624	625
705	398	934	260	784	504
698	751	117	793	227	112
196	606	905	376	754	712
158	506	821	531	145	719
82	658	848	31	639	956
602	230	224	820	388	230
437	744	331	437	550	778
506	89	567	860	984	102
289	670	389	428	843	540
468	595	116	637	815	384
906	899	343	519	115	158
567	451	165	33	78	688
21	216	528	30	7	933
299	938	127	581	751	128
788	86	243	303	124	303
929	184	920	235	358	897
990	509	604	933	261	206
122	384	269	323	653	866
352	522	515	385	992	631
442	272	1000	434	396	61
17	514	980	746	623	124
705	420	809	151	504	96
120	286	474	108	213	889
254	652	259	385	903	385
361	161	145	867	204	304
10	914	44	752	550	74
634	229	368	991	223	368
984	20	4	272	23	122
612	831	644	326	168	454
141	303	54	998	11	214
395	186	238	311	653	615
211	874	391	721	807	408
119	641	238	74	67	105
619	757	405	194	94	528
126	257	15	886	128	267
105	805	26	348	203	118
79	460	251	919	439	952
957	72	37	580	134	114
562	412	562	387	560	270
497	438	252	946	70	70
660	319	795	265	178	588
298	44	927	624	927	95
517	743	24	10	184	184
247	252	248	897	835	942
914	484	205	614	205	639
556	216	410	483	874	186
547	271	370	679	966	637
518	996	445	238	891	18
148	304	403	441	720	937
651	720	961	560	31	33
505	266	831	434	123	143
609	424	160	20	250	942
286	869	924	884	836	181
790	953	615	567	144	440
715	41	410	783	368	623
221	39	239	152	32	728
757	210	511	613	757	250
70	15	1	39	138	567
95	481	688	746	38	357
573	457	229	967	503	83
615	960	981	277	823	904
423	892	400	398	266	101
308	267	87	716	124	111
29	204	877	231	368	31
309	656	949	240	113	345
361	164	724	935	164	830
364	957	485	203	178	397
607	690	842	310	92	780
200	456	236	545	55	643
50	937	920	367	937	261
752	398	965	72	146	219
216	75	175	13	110	964
209	507	695	938	305	938
621	514	268	745	921	518
717	457	973	260	148	237
198	537	44	167	325	77
500	236	903	199	78	413
995	22	211	481	19	74
188	440	587	827	658	440
471	866	248	742	79	413
874	173	991	745	874	540
234	391	749	298	354	445
914	400	970	914	605	38
178	666	456	230	828	369
179	880	534	218	831	627
953	850	412	262	55	986
430	760	550	582	247	734
974	698	860	612	376	999
293	753	69	795	833	245
957	95	765	409	326	631
259	457	121	37	121	457
886	437	263	317	160	109
750	629	979	127	695	477
739	130	181	235	541	677
275	118	34	570	52	177
466	834	735	680	63	172
411	730	734	162	144	1000
648	904	168	661	648	644
24	916	748	826	680	24
605	312	304	971	221	221
635	478	522	565	523	231
667	942	540	943	769	144
174	760	383	174	405	192
699	936	936	178	724	109
98	92	574	509	337	373
995	134	300	345	279	427
464	167	20	84	546	464
850	890	640	6	374	728
996	282	319	842	176	176
334	46	48	114	840	230
480	928	927	505	928	355
32	939	950	459	342	594
367	221	155	239	719	567
757	373	705	95	705	524
446	811	656	36	478	199
389	770	585	401	24	8
196	96	395	206	44	961
265	428	430	941	409	599
545	798	276	149	704	813
430	166	956	766	468	468
382	683	650	733	650	330
329	519	490	349	470	937
701	269	496	998	269	353
670	469	909	523	270	805
141	956	746	956	164	112
732	125	270	538	966	314
397	183	876	533	711	106
865	974	488	618	409	38
197	575	413	685	903	921
265	735	428	89	872	929
980	114	826	952	811	976
203	148	76	808	34	39
574	295	477	120	377	377
512	808	973	483	331	625
194	948	52	4	113	352
37	817	267	175	434	35
433	433	543	496	91	534
323	501	207	111	158	708
526	158	676	427	618	470
483	942	289	601	193	448
44	593	458	269	8	228
287	941	892	440	669	699
25	449	69	364	329	364
859	354	212	430	582	867
783	463	136	604	831	831
154	643	362	632	5	243
88	601	815	974	783	131
737	158	769	321	976	833
722	384	845	87	394	23
621	621	988	791	372	727
320	285	257	647	285	487
564	385	44	599	541	806
294	487	165	331	728	331
209	37	94	2	830	444
471	708	708	568	279	383
387	114	195	732	777	720
395	178	681	843	989	524
788	192	36	996	903	594
879	624	996	74	8	609
722	809	724	997	30	66
456	55	754	300	204	662
840	45	760	380	752	715
835	96	87	31	103	393
622	449	928	386	480	447
946	745	95	364	895	579
488	19	923	886	284	977
696	501	739	659	46	328
842	118	586	639	216	851
830	32	510	384	525	476
658	643	953	948	637	205
386	937	794	784	937	723
488	645	899	495	182	539
71	536	799	767	814	71
845	653	845	458	29	225
61	601	102	288	363	255
977	514	316	5	5	486
601	601	168	84	419	33
754	939	749	749	131	887
20	536	862	768	378	281
561	660	695	559	483	979
878	195	286	760	931	43
862	850	342	511	363	572
990	268	446	829	75	927
719	128	327	548	385	770
794	921	531	73	292	338
440	263	156	639	533	629
580	230	470	931	478	99
239	556	622	238	769	25
769	446	517	572	214	921
112	837	623	395	671	594
179	61	337	817	347	438
590	674	979	788	325	674
473	473	631	313	785	296
403	544	864	847	158	627
608	383	819	570	709	81
44	418	560	262	804	916
330	434	656	94	261	187
85	785	201	875	430	310
819	134	73	123	121	229
745	416	182	154	956	579
794	748	896	964	794	898
108	772	213	839	823	990
928	685	81	663	233	194
167	737	155	147	128	155
32	102	349	73	883	324
106	474	492	400	69	747
941	844	445	482	941	891
17	114	237	5	780	130
629	199	643	700	728	577
72	928	425	703	55	798
1	736	308	15	272	221
307	433	605	87	630	998
260	449	588	246	362	269
18	540	90	966	907	917
534	54	419	762	902	17
79	482	778	11	54	50
834	100	715	829	821	989
580	625	412	118	744	252
953	124	752	25	386	77
296	310	208	516	156	897
558	318	987	6	993	41
352	561	821	757	910	438
798	249	559	405	922	840
295	827	923	494	296	114
235	583	619	703	933	671
664	712	94	90	391	312
198	781	701	760	760	262
432	87	866	476	309	794
681	443	646	71	920	168
92	479	383	318	795	370
226	383	509	459	612	429
398	160	608	691	684	70
993	993	589	878	921	618
40	11	346	14	121	737
23	145	212	918	742	870
125	298	947	152	74	898
979	501	813	760	960	724
701	533	448	782	436	149
456	273	324	655	129	533
81	556	253	761	195	21
460	207	207	735	794	748
290	793	273	568	948	397
108	578	870	213	730	853
455	307	323	491	900	69
222	952	17	31	138	39
427	446	789	979	111	768
944	604	694	840	426	196
53	57	263	389	132	972
355	524	15	317	726	701
610	608	893	608	684	832
687	247	776	817	40	868
154	232	828	75	324	854
752	711	948	412	798	134
206	614	401	771	613	401
560	727	208	208	769	538
28	510	549	657	412	733
601	836	64	615	439	176
13	983	722	333	687	40
576	403	951	403	77	555
950	395	598	395	990	304
529	707	316	316	582	561
309	874	282	472	758	952
901	81	159	79	34	248
799	436	604	711	520	770
62	630	214	206	667	979
237	995	267	908	778	857
871	879	214	214	358	325
325	806	161	650	308	567
766	610	854	464	730	847
98	216	161	53	885	249
220	441	774	519	106	647
964	629	965	493	757	757
556	377	529	721	956	564
283	298	889	786	97	296
481	229	199	766	984	147
681	364	103	148	809	516
510	981	298	340	192	331
395	151	229	902	44	27
159	726	255	19	148	16
30	295	988	869	988	785
495	663	95	59	506	241
604	911	999	856	458	384
104	46	512	15	768	91
396	184	980	936	760	287
985	519	88	129	135	76
720	152	348	847	146	341
73	648	456	216	405	483
43	663	608	610	560	876
796	993	796	383	790	182
781	938	325	230	933	820
543	402	269	339	356	881
575	851	535	808	451	637
781	361	671	252	480	820
575	10	72	366	894	214
484	62	438	438	65	740
368	981	366	425	188	425
127	644	915	526	274	30
133	470	803	460	670	26
339	186	740	757	522	68
341	859	52	161	859	8
113	225	781	510	39	39
427	863	82	433	982	221
647	55	191	155	496	747
987	192	66	266	141	325
521	144	116	865	1	881
41	252	437	482	363	65
848	151	697	600	117	604
275	735	891	691	522	100
191	598	417	846	120	830
466	273	462	342	920	15
131	166	210	35	930	320
513	390	851	158	283	133
1000	383	36	166	83	204
499	404	333	350	780	926
124	602	827	737	417	298
646	275	686	14	627	604
808	551	580	581	252	252
94	533	393	965	748	69
367	90	67	947	134	105
177	530	469	622	103	414
878	1	79	420	56	80
937	634	47	306	47	761
415	892	36	19	32	238
692	534	737	433	692	199
899	88	724	790	806	801
394	642	741	221	570	975
86	764	507	867	711	944
222	624	803	757	500	193
781	764	155	624	734	176
686	496	342	496	778	314
131	905	876	141	696	977
367	497	393	940	960	402
334	429	508	391	334	873
198	297	860	686	860	251
774	429	477	13	429	441
431	196	754	534	768	202
259	494	387	616	82	250
139	60	895	155	243	44
841	579	43	946	579	432
337	555	449	597	239	716
7	795	175	532	7	432
758	848	464	296	982	429
439	714	555	545	267	714
225	497	296	16	282	249
260	188	63	47	921	176
154	820	250	761	119	981
31	471	824	223	327	833
30	780	574	523	478	499
432	339	381	806	612	973
292	559	605	974	445	231
257	401	424	87	216	780
551	189	699	752	823	223
890	508	530	771	961	415
762	762	835	901	315	859
750	531	95	190	846	190
131	456	457	482	784	456
360	194	189	275	70	217
331	554	866	554	634	455
767	10	872	877	197	349
987	427	570	645	431	226
791	141	823	162	927	561
499	787	53	179	382	570
386	447	126	90	861	889
366	320	686	637	718	849
715	996	115	822	366	799
139	757	11	290	167	63
502	40	30	192	14	462
173	284	106	58	915	232
795	704	851	156	704	672
165	951	335	823	978	161
188	952	351	18	978	633
890	443	537	829	330	124
210	991	526	37	20	130
96	146	903	394	866	53
3	272	183	167	93	138
793	793	794	282	997	808
421	739	449	248	279	260
133	65	155	914	23	156
423	840	458	59	107	979
456	366	778	385	635	855
180	409	909	460	963	367
495	207	831	339	452	971
847	549	607	315	99	586
865	628	318	60	210	940
128	745	19	390	361	984
421	781	452	439	373	42
104	293	432	686	683	577
520	698	461	893	857	51
743	122	876	126	845	975
768	151	869	558	112	856
502	660	233	662	440	356
594	917	726	132	416	165
255	292	442	945	803	583
269	580	1000	87	615	615
363	599	261	718	322	463
964	666	583	315	295	470
204	632	180	180	377	507
870	584	437	145	910	272
659	654	490	826	75	952
578	472	410	165	797	107
168	97	866	338	3	235
581	509	312	754	151	352
308	474	313	442	31	756
798	179	103	65	93	338
364	123	948	235	832	258
978	233	789	934	273	540
768	569	384	826	274	675
49	451	325	129	73	723
876	727	287	719	688	521
886	391	721	993	634	916
466	498	189	429	719	626
706	961	880	257	950	573
188	74	131	933	794	390
879	353	854	424	210	904
388	377	281	332	286	286
285	295	826	668	170	319
310	1000	447	859	358	495
221	1	980	623	623	288
634	968	78	805	475	931
368	217	408	455	296	363
264	91	958	202	143	82
508	49	347	637	341	973
973	455	259	134	211	145
250	175	870	943	598	301
74	40	916	301	46	137
676	641	863	518	952	282
66	803	394	964	566	466
215	133	242	850	247	870
258	455	52	698	369	603
375	421	642	462	340	291
392	226	379	155	135	709
559	804	95	866	302	786
417	417	209	894	346	380
251	673	148	207	226	459
994	745	881	651	107	886
111	607	738	477	910	88
362	782	941	375	113	201
118	350	65	843	89	97
3	197	867	919	139	239
918	154	150	698	154	521
116	588	907	525	674	903
115	437	669	716	757	923
210	971	210	908	758	489
222	636	855	60	39	548
451	870	410	553	932	870
447	421	876	11	308	839
880	246	222	823	827	468
992	762	899	600	781	690
83	848	455	318	694	9
830	27	202	319	353	446
352	428	533	646	175	265
582	68	294	582	122	838
743	216	744	395	796	842
851	955	522	706	240	553
550	617	193	617	311	550
322	797	405	909	816	961
95	592	632	585	273	476
666	928	958	597	205	821
470	299	114	44	741	124
408	829	373	857	87	189
782	569	313	838	136	673
70	146	659	590	645	201
273	340	735	738	992	876
762	165	919	222	534	399
659	323	6	467	655	654
900	689	900	310	505	427
219	621	372	930	227	851
106	221	82	904	252	35
849	332	332	176	36	577
861	101	13	182	407	96
393	834	249	834	711	427
58	389	896	350	216	27
813	776	813	959	638	290
233	839	822	956	432	545
1000	405	509	861	541	430
112	916	567	970	905	382
823	579	461	698	771	76
159	32	287	606	17	43
775	22	77	368	80	146
216	23	55	80	879	339
83	420	142	204	12	984
816	360	90	235	89	535
175	248	875	617	139	126
36	151	346	239	594	732
747	156	532	502	573	930
61	286	54	312	581	50
154	6	159	651	59	138
997	782	204	106	50	984
527	428	320	48	152	809
723	114	332	215	451	33
850	752	865	19	268	299
191	56	353	636	919	386
164	985	267	76	277	14
834	883	786	715	257	226
953	331	250	294	900	936
132	12	402	276	849	721
53	910	743	100	24	81
972	798	910	793	114	861
35	653	813	722	6	571
116	200	622	14	661	14
878	254	609	794	502	210
926	719	297	58	926	917
744	982	11	484	982	466
533	305	753	918	869	97
613	326	323	690	569	613
830	53	827	663	562	305
743	578	448	629	363	448
50	971	463	414	371	389
754	29	19	166	292	33
826	917	129	908	859	488
245	688	570	519	888	318
81	57	866	723	784	505
722	322	456	799	680	722
301	102	44	694	623	904
289	360	907	508	175	258
833	509	75	976	108	703
533	489	584	699	857	832
817	31	781	789	56	175
714	943	25	96	388	446
649	511	275	39	97	231
215	877	879	844	933	823
370	574	869	433	370	990
231	835	575	889	889	239
461	763	359	890	534	207
432	14	538	222	714	796
84	64	778	111	264	126
621	168	33	256	65	6
259	324	124	664	974	599
887	912	148	312	869	672
323	746	523	293	579	687
87	174	456	234	188	855
950	255	463	281	446	817
488	124	809	944	955	233
607	167	383	484	551	406
785	531	174	164	998	340
2	969	304	671	438	210
777	921	472	853	7	273
695	252	796	796	849	543
5	142	831	40	320	155
601	992	792	448	467	823
262	639	773	985	296	359
746	468	672	614	166	113
119	438	159	678	59	36
692	71	70	909	71	877
717	486	736	797	673	449
282	225	28	262	64	907
962	606	274	928	20	110
360	977	293	33	830	217
75	978	101	812	456	800
174	538	740	732	89	216
811	418	127	218	13	43
81	773	256	560	252	582
260	1000	653	956	410	779
301	82	976	128	41	90
640	24	820	939	723	638
163	86	819	93	167	170
123	660	698	84	84	570
596	15	881	322	449	660
405	427	347	214	214	873
26	191	228	20	783	627
283	855	30	554	196	373
766	28	382	849	629	360
129	374	823	86	74	123
516	548	567	403	792	277
692	23	266	382	588	247
13	80	749	31	246	193
81	900	62	153	73	311
927	672	992	623	149	149
243	902	445	591	494	885
296	417	205	848	35	987
447	442	202	41	288	525
463	581	34	375	65	126
566	207	676	332	866	735
26	152	208	998	419	54
646	685	846	406	312	845
781	161	108	24	367	109
621	412	392	537	600	785
740	608	505	873	608	997
781	859	572	121	84	318
974	381	320	850	647	793
985	933	99	395	22	22
991	306	396	711	443	762
573	384	83	491	491	179
840	775	840	884	431	478
11	997	755	609	146	193
683	253	2	69	69	651
598	437	754	928	492	677
606	574	573	383	328	529
514	411	41	669	488	514
101	767	232	6	60	321
547	754	647	461	690	366
369	35	711	496	856	275
971	59	296	728	379	893
750	209	736	882	366	12
139	168	920	783	256	151
472	856	472	401	225	890
200	177	120	29	144	766
877	193	220	297	323	632
230	272	993	760	29	518
107	30	753	153	363	601
404	461	775	426	504	649
898	490	284	280	510	272
69	760	486	445	647	97
908	48	331	682	196	107
219	616	825	695	68	287
74	29	984	426	73	124
687	715	759	43	584	686
245	498	605	710	691	674
761	989	395	94	508	879
911	966	565	348	241	788
97	569	806	946	433	966
598	700	987	727	994	740
335	809	795	630	656	368
676	945	799	356	721	36
787	698	150	539	449	539
521	84	371	961	639	371
584	926	310	447	926	285
479	189	391	170	42	514
894	997	304	503	586	20
460	174	904	507	214	709
765	698	640	45	23	184
408	23	13	12	130	747
61	988	297	60	330	126
124	55	193	93	45	731
204	817	911	635	464	226
503	623	188	935	935	782
343	677	992	272	274	242
827	151	797	199	199	490
873	901	432	738	349	227
587	474	877	444	148	284
749	613	613	525	555	124
784	124	541	347	275	393
434	507	347	820	313	784
757	686	808	131	686	906
926	184	874	70	184	937
753	611	152	525	670	803
638	638	875	81	629	231
340	604	3	186	278	378
773	961	16	961	629	429
64	117	232	60	198	777
232	727	907	746	703	174
150	773	534	193	114	774
673	645	253	205	757	574
426	109	25	348	30	955
237	525	398	410	937	250
426	940	882	872	992	110
84	688	620	411	999	361
91	353	950	382	844	689
314	780	833	360	833	377
567	57	239	501	747	259
452	986	777	460	980	151
154	822	92	167	30	279
516	122	872	209	111	283
470	194	767	464	98	194
81	32	102	9	346	98
126	949	126	656	52	456
836	244	129	40	485	237
348	74	229	873	169	354
804	882	437	736	734	978
481	162	935	785	492	403
409	239	68	45	458	528
966	6	249	226	126	74
317	525	651	451	823	125
574	484	145	370	493	341
930	377	129	80	413	994
24	370	253	609	424	834
956	244	802	885	319	413
623	465	307	932	449	307
612	122	439	686	854	439
862	623	514	177	759	862
8	932	316	66	90	140
695	794	275	297	597	427
43	206	20	253	827	263
240	820	527	874	777	670
478	78	726	308	267	29
281	387	637	216	704	416
795	766	820	899	113	816
489	680	589	420	663	784
360	370	524	914	897	381
285	44	699	297	927	543
611	750	619	962	124	341
49	917	91	36	354	386
667	121	917	977	388	959
61	159	675	834	364	820
557	430	901	260	946	621
703	215	944	503	722	453
936	694	995	742	846	756
351	337	441	556	811	812
401	553	278	743	752	306
563	956	35	301	956	810
50	32	366	301	13	896
591	749	233	749	431	818
608	629	984	230	984	629
719	221	719	437	101	131
384	163	516	725	788	75
354	716	947	186	952	952
124	338	218	850	974	643
855	881	882	698	241	855
249	465	906	2	306	782
502	79	207	247	586	349
418	650	115	132	241	680
629	486	95	862	695	906
469	55	246	818	267	235
263	9	93	282	564	9
961	523	809	961	102	87
499	727	692	811	440	743
814	163	170	679	420	298
952	726	4	607	659	567
698	145	1	499	311	781
659	690	391	526	391	165
589	816	520	331	507	15
313	214	99	32	199	931
146	117	161	297	928	707
610	548	788	91	955	532
565	760	971	538	17	272
242	727	965	297	787	725
246	203	265	863	458	709
941	183	103	268	340	1
497	652	901	49	87	709
195	165	695	545	940	781
864	452	95	926	203	203
206	301	423	352	859	352
405	785	994	216	326	638
270	384	177	381	182	182
488	634	730	642	574	764
409	492	601	898	290	571
729	306	276	680	382	610
895	668	205	19	69	544
715	655	32	31	440	97
268	393	628	928	780	928
212	896	185	48	206	148
424	50	81	93	889	745
193	435	232	134	771	707
976	888	196	556	42	897
222	328	344	128	133	245
687	945	429	252	949	853
486	339	931	215	791	181
653	869	653	973	347	80
662	438	917	119	322	158
805	860	541	179	775	896
696	176	437	494	540	987
196	146	9	852	37	18
717	36	858	747	793	942
344	401	803	575	56	921
167	816	762	506	960	335
218	516	899	442	820	642
701	863	47	701	110	624
500	323	587	216	17	656
917	107	60	60	589	341
307	442	485	389	223	803
285	80	129	1	895	250
339	247	210	502	242	242
739	512	212	512	498	998
586	397	664	831	468	11
117	998	829	515	807	847
256	327	327	122	936	6
648	193	254	393	598	992
532	34	497	663	92	191
728	720	268	219	10	483
211	682	579	12	830	874
730	793	585	730	227	278
253	156	735	961	727	156
583	212	969	297	388	37
561	262	87	843	178	261
423	148	819	516	770	546
156	412	762	851	914	947
69	61	463	377	713	359
399	683	202	226	897	609
861	833	833	21	29	720
269	76	963	135	243	74
87	325	238	628	48	823
19	515	515	170	808	13
970	206	701	500	953	219
850	484	61	557	567	999
982	209	727	461	982	803
300	830	228	300	422	466
214	404	922	225	466	909
787	13	905	265	977	775
887	283	375	206	53	267
844	540	284	287	534	287
662	946	662	71	253	556
348	899	119	233	208	857
302	103	490	749	860	553
210	522	909	679	527	792
454	271	531	758	556	686
821	399	501	271	58	596
96	889	401	96	748	758
2	612	478	282	332	673
22	712	665	815	805	209
625	267	121	595	550	226
507	91	618	639	895	316
507	404	243	308	345	226
510	607	634	243	56	904
429	346	413	921	243	166
362	942	688	678	231	362
908	446	170	6	117	706
879	461	360	351	101	563
635	375	790	817	436	150
265	700	875	822	378	852
949	194	177	524	899	805
127	278	22	205	978	234
40	955	80	80	142	901
509	920	389	899	263	387
67	883	677	817	220	112
52	924	302	1	183	258
151	552	559	635	437	530
420	569	303	158	784	197
548	72	356	17	518	747
33	444	235	78	988	60
29	24	896	970	543	31
684	179	138	192	427	503
290	466	359	812	582	712
754	462	433	433	583	159
167	90	480	76	757	126
986	472	670	681	964	977
433	633	512	963	55	724
403	13	284	865	354	485
615	902	840	616	251	67
673	906	608	755	210	36
215	157	193	314	775	553
685	28	914	801	977	379
404	474	979	684	418	926
753	187	664	170	917	363
449	585	837	759	847	759
986	135	648	741	135	186
873	462	81	88	349	873
644	359	355	1000	608	807
225	504	701	902	867	607
387	150	280	467	435	463
694	289	425	178	977	944
547	789	537	635	470	666
141	935	112	479	76	17
21	985	335	787	197	63
962	541	318	292	962	221
783	273	556	679	115	390
592	146	210	146	981	481
131	282	720	448	943	803
569	682	742	339	804	210
744	262	73	541	262	303
145	968	923	486	823	976
901	256	352	240	56	406
710	140	208	808	553	21
169	778	143	169	50	896
90	147	382	230	412	443
409	672	74	962	470	728
133	122	892	137	374	25
32	730	640	160	783	423
500	290	105	597	176	500
105	132	840	989	813	902
852	690	694	13	940	690
28	803	547	438	656	501
182	808	31	613	339	4
817	258	833	833	521	510
695	178	419	420	760	231
590	479	741	520	194	32
801	868	413	234	167	549
547	220	493	927	927	459
355	279	740	322	144	79
915	590	205	318	613	430
27	973	952	545	196	884
875	921	633	393	152	748
920	237	156	486	65	495
992	524	380	64	64	471
988	388	86	878	20	432
845	354	296	845	463	145
83	11	162	321	881	18
42	848	653	171	56	906
578	496	343	893	395	575
225	626	947	720	96	626
114	661	981	259	600	114
211	472	489	943	95	417
198	709	570	881	262	179
425	670	727	784	926	27
776	296	934	237	313	675
514	814	765	338	695	514
251	249	688	249	99	990
747	306	112	479	589	851
312	932	8	110	344	69
559	204	540	993	993	766
571	7	34	114	83	935
4	599	236	619	983	819
655	815	122	114	600	833
846	50	909	667	909	16
917	64	80	472	435	263
799	42	808	409	791	136
305	668	946	544	514	350
86	19	310	954	333	22
323	481	540	400	592	999
611	611	779	756	943	351
909	87	581	140	149	386
385	466	719	21	384	151
853	541	225	377	367	655
627	49	240	729	793	45
419	582	939	419	655	269
904	297	288	355	24	930
346	958	464	336	874	568
407	458	851	538	394	195
600	815	64	695	483	695
335	630	385	616	821	350
934	426	781	459	91	809
553	373	695	579	621	593
470	138	235	734	711	112
499	918	249	139	902	524
825	413	31	845	831	731
889	277	918	225	68	584
943	466	128	246	835	790
419	231	794	149	854	707
3	292	16	175	718	105
877	904	739	829	422	135
543	23	265	589	711	49
307	778	626	345	746	222
60	988	277	490	312	41
62	712	657	781	80	663
817	613	429	312	131	57
354	70	727	677	655	784
43	867	494	698	712	368
509	788	956	706	788	524
949	950	133	141	108	708
918	317	277	742	48	777
905	611	813	561	762	819
619	681	359	377	898	913
136	768	658	488	640	514
137	875	773	435	105	290
25	153	468	272	917	260
860	54	54	195	547	922
140	163	658	353	902	403
730	722	316	28	56	722
427	522	781	776	792	975
534	102	287	946	652	117
746	449	60	171	746	18
281	6	870	803	370	280
643	757	563	703	817	581
606	932	801	959	722	790
302	968	925	231	564	493
793	661	825	636	114	753
238	498	307	819	819	906
638	934	684	779	18	734
709	629	615	629	561	377
208	973	782	833	584	506
58	427	56	4	157	615
460	271	463	919	111	556
363	267	847	341	932	667
774	371	577	615	371	664
595	55	122	466	778	406
50	20	124	531	687	271
333	949	842	719	555	343
998	929	150	189	744	189
539	102	859	391	652	951
788	932	501	97	313	418
844	189	876	951	226	198
761	134	28	752	914	76
152	926	30	646	668	911
1000	205	855	838	295	557
182	323	222	825	18	50
854	854	969	31	676	448
763	912	134	966	134	106
912	832	583	203	145	507
143	395	17	110	987	27
548	212	212	979	189	841
729	731	998	849	361	778
945	198	198	796	328	743
436	743	87	231	74	13
317	20	475	25	468	596
234	19	126	388	104	392
230	331	955	843	626	607
979	979	270	602	902	588
961	474	405	831	986	831
790	629	325	653	366	557
477	762	289	178	830	737
851	110	133	253	57	31
971	68	86	393	451	835
120	999	72	385	584	754
136	37	18	191	82	663
907	477	659	284	478	907
117	225	191	936	209	183
292	454	394	362	980	14
607	775	118	133	608	938
653	482	827	240	240	40
722	541	383	520	31	733
354	873	172	899	663	437
318	655	775	719	515	107
433	163	652	991	424	424
940	428	284	284	108	918
908	14	9	723	404	140
903	335	113	179	150	110
53	870	654	366	715	628
634	115	991	516	818	425
183	207	207	126	357	144
92	840	185	303	156	46
511	246	864	941	626	224
695	951	2	1000	243	670
375	704	218	237	337	356
79	648	632	927	387	385
753	925	266	43	389	925
247	928	166	134	214	137
561	256	962	40	415	256
898	935	396	325	585	852
561	611	543	639	426	946
533	307	657	226	950	202
505	873	880	530	277	835
368	542	866	782	819	819
314	306	153	395	329	91
73	305	129	73	879	374
874	232	206	89	152	79
351	665	999	914	149	526
165	420	778	115	51	261
5	664	29	110	984	115
599	241	595	672	677	166
213	84	68	90	3	527
81	624	240	898	240	33
744	926	635	407	744	416
213	799	28	972	483	56
543	770	368	123	530	718
707	635	435	591	816	182
601	706	772	480	666	218
978	910	115	461	432	252
982	35	84	169	101	412
605	969	18	815	705	579
866	98	293	98	457	639
48	875	115	857	177	48
190	366	886	673	219	289
695	521	976	981	973	533
841	511	841	6	944	410
18	700	218	433	293	999
740	779	594	633	594	693
290	632	846	126	233	836
248	950	453	118	89	608
202	328	689	794	409	409
754	717	38	970	38	157
966	214	621	198	798	902
926	124	211	190	221	77
236	764	572	316	349	596
568	715	215	168	243	182
167	255	677	260	482	202
275	848	953	196	140	632
129	183	163	894	27	141
22	207	796	796	779	244
16	145	940	733	651	724
620	325	214	144	339	51
94	886	726	363	247	666
352	924	708	537	619	295
81	497	128	128	799	418
311	381	154	302	682	579
760	229	510	421	701	571
870	850	644	827	816	936
495	841	838	646	28	233
879	732	663	308	672	989
552	591	475	428	877	912
477	887	823	779	203	868
458	944	822	752	253	192
561	498	187	26	561	61
697	668	607	283	40	308
833	427	938	414	81	356
649	127	156	866	111	891
98	63	194	859	90	74
210	800	952	759	432	160
920	111	172	418	418	863
350	269	657	191	508	413
14	284	541	772	539	844
617	857	122	492	257	5
801	952	162	870	986	114
899	22	472	970	937	511
309	669	355	658	591	346
828	585	602	732	656	40
649	327	243	349	726	346
508	529	980	73	282	62
852	93	664	852	135	138
78	56	43	225	306	93
407	101	297	902	199	801
738	802	181	299	578	215
678	295	824	452	274	622
106	848	106	310	111	460
450	792	206	44	747	206
393	635	737	446	125	669
699	636	57	724	636	792
397	850	798	165	91	397
376	215	64	698	933	449
89	372	970	898	306	741
958	802	620	855	576	192
572	218	228	939	168	995
240	772	840	745	745	208
461	512	110	691	319	287
477	205	791	243	616	425
763	122	690	362	886	777
364	374	642	228	549	356
176	536	691	964	76	499
601	169	169	233	114	612
53	399	52	107	645	275
402	713	188	530	115	402
414	366	205	571	564	189
514	262	745	866	499	250
560	596	545	741	365	365
61	857	61	465	880	553
511	657	151	749	973	203
991	411	555	612	5	125
125	119	51	334	899	258
614	896	271	614	500	248
685	819	78	245	938	14
406	624	887	8	469	361
910	910	964	530	31	397
138	43	772	892	119	129
457	84	387	573	327	195
909	612	471	931	651	894
219	496	340	545	514	181
344	344	378	471	370	977
417	971	12	186	51	169
194	71	683	837	296	652
936	953	292	862	232	274
459	470	974	266	831	459
833	918	871	664	882	393
705	793	661	573	934	711
505	610	946	986	242	134
852	859	332	183	266	414
224	730	644	189	522	481
592	717	676	1000	387	881
648	817	528	988	345	216
758	338	950	78	780	916
928	47	77	59	225	404
900	705	713	514	122	822
712	966	937	691	223	811
264	490	143	383	15	280
200	97	863	788	940	348
457	233	856	455	744	690
12	102	43	460	67	73
653	282	237	327	141	246
51	142	146	510	957	977
48	15	144	167	469	907
402	796	802	664	29	500
982	994	709	386	284	361
58	15	430	72	487	121
515	49	20	986	525	757
794	163	146	923	363	116
388	596	571	334	413	697
532	537	437	68	296	65
68	856	333	962	333	932
855	17	416	596	1000	712
668	421	687	799	217	263
933	991	933	388	714	918
142	626	267	549	899	816
645	28	382	173	250	791
891	181	623	173	201	65
169	233	252	392	592	515
621	242	472	281	229	805
773	844	52	52	693	664
799	237	627	525	394	562
658	307	273	987	602	61
650	217	480	749	554	449
149	33	525	490	809	227
596	2	176	971	23	101
701	91	918	295	179	179
452	400	637	488	83	567
737	400	162	476	98	794
390	481	390	284	510	355
105	980	29	132	949	351
957	218	281	23	124	181
293	217	688	494	320	205
541	747	276	63	277	399
697	606	770	795	293	683
902	590	379	342	518	515
458	592	104	769	369	318
21	52	781	350	781	38
48	979	285	151	140	252
847	653	368	133	187	427
313	615	791	883	983	382
425	761	922	992	831	136
407	598	863	856	42	937
199	338	864	183	474	199
713	842	715	247	575	634
156	902	813	398	154	409
697	312	16	19	34	330
502	739	152	923	875	502
174	11	68	156	551	434
754	533	916	464	226	166
74	812	647	99	113	997
111	404	137	47	859	123
550	235	527	463	570	973
416	760	868	784	917	45
4	628	798	5	69	879
588	467	873	339	917	467
888	414	311	882	53	408
990	795	501	749	64	605
919	970	497	83	919	408
794	349	259	594	994	848
712	852	472	656	459	590
775	888	882	492	431	775
13	472	841	338	616	767
135	20	837	47	8	438
968	485	573	573	343	512
189	402	865	764	962	565
689	778	213	894	134	684
515	19	953	953	679	552
986	818	93	335	737	265
779	184	306	766	106	90
822	603	409	735	715	344
343	102	5	696	344	656
144	569	82	113	502	760
616	15	253	648	75	309
420	19	813	721	603	417
338	888	888	335	773	275
162	965	326	397	2	29
611	637	433	317	793	404
535	613	323	156	746	131
913	942	863	311	400	367
73	545	545	823	313	743
22	473	5	72	844	63
771	704	953	745	537	172
841	812	735	935	336	207
555	555	461	787	913	250
754	702	609	79	717	871
287	776	712	175	2	832
638	693	989	62	876	393
599	367	730	367	757	402
626	161	161	214	355	132
823	166	80	55	112	77
585	105	392	88	567	671
505	874	505	791	551	778
283	176	662	104	112	751
886	813	355	813	185	953
702	98	237	18	725	217
691	738	331	406	127	155
556	633	862	988	153	565
583	514	919	314	251	514
209	357	486	744	881	320
302	336	15	511	253	331
190	372	655	876	285	87
847	477	796	289	715	89
706	4	55	443	364	740
915	222	577	519	437	968
543	67	750	24	946	984
12	841	809	161	211	974
485	535	993	990	469	893
710	270	941	503	625	710
900	770	214	449	996	900
842	820	34	717	842	110
881	250	679	253	86	773
173	226	662	661	978	398
474	498	290	178	126	154
20	847	147	266	117	43
502	74	109	74	179	622
920	173	506	224	920	624
486	30	279	640	843	667
261	96	950	54	352	167
530	286	870	898	466	847
526	954	273	162	538	375
127	419	419	196	766	236
14	119	32	845	211	34
22	62	264	27	479	956
358	836	986	516	699	72
402	823	966	886	216	885
561	988	848	561	327	325
642	49	410	844	241	669
164	616	507	611	193	842
791	306	888	838	828	226
383	714	557	949	111	164
236	367	624	535	412	546
463	950	931	891	203	987
116	220	151	259	964	196
863	29	69	121	74	530
205	12	983	88	166	343
484	142	733	15	912	847
440	490	599	30	599	157
469	631	658	658	477	309
492	425	3	348	550	850
23	486	851	257	593	456
250	889	565	225	889	720
162	521	162	621	344	505
659	920	436	662	25	411
84	888	11	342	75	839
876	887	492	808	678	285
129	95	479	997	119	99
884	968	664	28	684	112
324	354	751	313	415	574
937	155	200	9	63	236
992	895	4	92	102	204
867	293	148	59	9	237
504	748	599	260	253	29
421	686	997	619	318	672
960	601	969	989	944	385
710	549	787	211	400	901
637	282	796	290	590	145
793	373	401	401	978	358
224	81	931	995	314	229
380	759	189	56	956	660
112	983	660	751	491	383
982	885	133	338	658	520
365	297	70	549	601	825
407	846	861	845	861	347
750	946	787	492	311	244
229	132	215	61	924	243
848	910	714	228	570	59
467	965	973	720	374	372
657	712	529	562	747	21
562	703	148	709	703	682
585	270	986	928	986	725
613	613	872	358	504	258
976	883	883	244	531	303
28	610	266	619	882	868
57	418	852	31	124	395
677	441	464	697	36	778
289	688	169	860	722	143
712	55	178	126	457	327
600	507	627	181	98	997
139	443	299	833	440	108
387	999	852	546	707	830
115	392	406	209	547	345
58	20	187	210	879	136
133	577	256	979	58	310
729	634	926	776	729	823
455	807	805	508	541	133
839	171	245	70	782	181
314	895	889	895	434	421
35	974	111	123	87	375
373	844	172	148	856	682
850	145	692	824	145	200
751	957	482	324	47	361
918	99	508	803	339	776
764	137	705	154	398	237
746	668	672	470	962	819
109	37	122	813	9	336
177	755	96	165	17	99
725	74	559	5	545	689
134	749	697	424	603	906
661	172	575	753	773	402
252	368	54	368	125	44
5	190	590	561	362	947
95	754	337	635	657	228
981	305	676	70	561	260
736	15	451	672	118	595
916	164	529	100	267	35
966	13	989	698	748	13
879	453	641	447	1	579
538	289	64	16	111	117
614	411	82	45	294	186
576	524	602	448	915	524
177	953	514	468	320	420
447	401	339	916	555	555
693	297	498	601	143	387
837	758	441	933	861	976
206	507	868	135	862	748
983	472	475	899	780	434
878	92	748	491	971	387
437	141	963	565	775	884
184	126	805	673	300	761
983	187	564	190	805	476
3	731	442	864	960	960
739	326	236	388	739	862
837	9	34	221	6	212
652	815	272	217	515	823
60	605	60	37	175	455
531	767	793	653	469	837
977	515	361	929	676	515
591	166	458	267	739	267
176	29	129	332	605	130
514	960	835	665	586	11
967	611	515	412	272	344
343	343	672	549	302	128
951	963	673	785	586	630
508	870	780	626	508	79
737	309	421	769	680	842
91	156	896	213	152	26
982	630	305	764	359	653
734	231	617	655	171	231
518	772	252	755	311	888
234	425	345	92	365	959
417	407	124	867	436	731
53	10	257	328	37	725
978	959	200	711	148	959
43	918	476	373	772	816
274	959	295	336	580	772
316	862	784	227	227	134
522	848	99	254	21	869
54	23	489	864	73	13
721	211	43	24	776	931
241	187	261	47	29	917
789	279	554	515	279	300
5	547	652	367	80	367
111	55	753	704	281	143
255	536	27	955	641	641
538	771	61	607	792	937
204	914	572	341	516	143
499	295	961	194	295	337
218	132	149	131	504	380
628	696	113	781	146	156
1	650	655	492	945	879
256	950	131	61	175	53
902	174	161	669	414	483
446	672	327	301	766	706
168	950	495	769	511	477
178	85	336	152	908	137
43	757	644	683	17	750
671	297	426	354	701	311
634	149	25	629	464	515
551	286	6	681	829	532
7	797	242	102	144	299
561	578	259	291	599	426
515	464	500	931	378	685
627	511	512	323	323	606
570	912	356	202	913	444
469	522	685	899	808	216
437	998	773	482	16	82
17	873	179	267	52	487
68	35	69	313	989	320
522	97	27	13	309	994
28	387	880	300	870	257
81	599	493	229	787	321
855	983	918	438	395	9
173	830	5	233	108	178
782	641	784	734	882	878
610	291	323	736	661	515
807	217	723	894	870	977
715	134	20	157	199	52
860	714	249	406	756	395
432	812	271	20	517	825
212	642	645	443	602	823
29	779	560	182	673	283
474	628	324	342	90	989
635	538	134	207	390	674
890	600	8	26	38	61
312	23	94	398	964	78
125	730	7	954	60	39
32	668	165	130	150	102
95	123	95	125	637	811
560	220	409	272	150	409
785	81	131	995	269	413
272	4	15	78	213	864
419	398	902	419	347	20
81	73	426	216	125	945
458	41	564	796	917	640
146	276	784	820	860	417
458	653	306	23	713	516
385	246	508	182	867	959
573	933	773	493	463	263
122	349	139	276	967	17
180	246	53	180	913	649
581	528	841	893	893	590
836	957	282	110	26	957
513	982	959	33	314	410
19	19	593	372	763	593
515	418	614	778	941	393
304	578	967	572	578	464
861	193	137	21	74	186
771	906	667	269	790	189
192	927	229	539	357	602
730	730	496	422	234	840
252	6	461	43	102	12
449	155	88	575	541	695
830	866	654	452	791	193
466	176	693	707	428	180
529	821	187	200	863	811
286	857	698	968	818	848
267	379	790	3	307	868
833	208	55	127	657	419
420	766	74	355	169	716
934	170	891	860	944	18
390	221	619	482	288	759
20	620	892	125	125	664
893	911	851	459	872	367
699	834	238	947	561	352
521	689	440	965	14	750
88	555	93	225	127	1
167	531	87	644	994	480
368	226	858	165	919	163
262	516	468	677	230	593
805	974	782	807	819	104
827	481	878	381	998	780
875	371	482	295	494	295
354	785	954	575	552	504
950	141	157	600	732	380
862	442	135	116	140	222
183	26	619	470	772	423
97	984	317	174	915	39
924	130	842	104	246	298
52	360	889	923	625	650
964	661	316	291	881	517
17	607	726	225	367	565
149	43	78	849	221	357
158	370	960	240	158	843
51	734	311	144	525	802
20	257	144	17	752	476
512	199	147	76	698	34
938	644	534	678	421	90
1000	313	180	601	601	961
435	84	5	814	124	121
827	852	910	685	605	214
934	864	6	807	280	983
31	440	333	67	51	941
627	65	288	595	65	230
999	193	112	336	232	1
505	892	759	461	892	578
970	988	647	647	914	819
780	66	555	810	171	555
882	713	357	461	461	756
887	4	86	981	412	370
672	352	405	16	408	818
648	329	648	50	385	208
214	717	445	556	496	166
472	602	801	794	61	691
906	557	81	174	854	854
566	50	48	38	108	73
643	197	795	431	999	650
259	943	3	527	849	179
480	728	196	136	179	518
743	987	141	269	719	40
436	284	976	831	291	514
564	564	604	950	600	413
156	241	906	5	409	33
185	474	197	988	197	489
204	986	117	452	132	903
896	896	932	313	267	30
992	270	320	127	124	301
243	700	45	475	140	339
740	978	216	67	127	638
620	184	734	684	438	947
301	68	381	531	253	935
740	244	613	76	14	457
432	335	750	386	760	144
910	909	892	930	751	872
153	694	102	247	638	800
739	739	524	781	622	837
825	635	43	103	282	282
182	54	985	427	923	831
205	127	23	169	71	997
687	778	502	556	145	670
828	991	916	918	795	554
59	248	763	100	252	78
229	615	584	812	949	407
567	658	16	195	449	135
113	13	46	982	327	441
718	567	607	79	31	269
740	44	633	757	743	678
399	83	87	244	841	99
781	626	774	756	829	185
767	582	467	830	963	600
781	755	470	429	91	354
623	735	269	156	760	721
390	184	209	960	527	895
446	173	199	831	19	211
79	991	941	839	208	740
326	851	139	56	30	198
210	293	712	756	292	379
55	910	782	344	532	651
921	701	1	631	98	164
168	991	793	959	66	764
167	740	123	973	632	612
883	431	149	852	380	366
526	323	59	520	234	319
584	836	939	678	807	395
738	925	213	708	185	910
681	625	352	223	710	950
927	870	324	822	567	384
78	339	339	726	823	234
538	429	869	267	978	753
694	66	20	406	681	551
498	604	793	105	825	279
621	865	384	937	311	185
520	785	265	442	607	383
689	658	375	104	656	436
735	903	735	524	989	378
690	326	67	404	553	840
107	921	527	53	796	524
385	767	49	772	643	246
906	844	262	66	821	205
181	622	305	179	368	777
468	798	251	664	939	580
7	441	173	319	632	898
571	278	817	117	276	531
577	722	721	819	597	822
558	48	585	354	930	587
187	228	12	558	574	966
99	547	788	757	382	451
276	97	59	963	140	328
945	761	170	729	596	748
684	80	57	491	805	80
794	98	380	881	350	816
737	1	655	778	701	630
297	337	333	611	24	445
675	445	920	172	300	437
781	874	879	586	291	276
648	790	812	550	44	812
47	712	957	704	196	553
55	260	143	952	267	85
390	822	291	103	428	749
449	51	83	51	626	395
419	840	822	644	660	278
354	573	932	5	753	71
42	375	361	791	926	926
105	927	22	223	512	27
946	742	341	160	420	664
697	33	43	380	372	959
69	834	437	68	199	13
531	205	8	608	713	974
357	316	954	365	725	176
60	402	427	152	736	640
565	655	909	872	526	362
478	736	348	78	252	319
737	170	6	892	896	887
430	305	992	444	444	331
862	244	258	11	284	31
719	405	522	3	167	186
270	245	64	198	999	42
392	949	541	812	157	707
50	199	210	125	955	177
854	619	9	367	409	51
567	858	936	721	875	835
611	178	953	235	446	418
882	696	380	55	516	21
29	48	994	759	120	32
518	719	624	577	3	371
67	244	378	594	339	562
709	569	306	776	399	427
474	13	355	300	35	833
93	618	471	502	502	395
293	765	219	347	219	888
415	547	303	279	257	306
517	502	908	147	358	620
199	606	641	53	522	844
99	447	349	583	735	78
78	64	835	217	303	85
946	927	983	36	223	203
439	298	179	439	816	16
590	940	7	18	74	67
252	273	134	13	959	165
621	5	491	316	777	438
6	883	303	13	787	883
35	554	5	35	335	687
231	265	83	109	143	341
589	861	885	83	913	256
424	740	184	273	948	292
868	535	535	470	658	261
14	405	42	286	924	38
652	586	852	465	360	1
956	882	97	642	733	441
649	412	493	649	232	903
691	628	876	662	399	892
520	718	120	786	250	802
700	536	735	267	18	559
260	632	552	651	980	665
161	489	996	961	297	695
220	40	200	112	850	277
658	414	994	954	20	847
52	236	753	949	993	306
92	521	389	249	669	603
970	341	759	372	918	349
975	525	49	629	527	369
309	757	116	851	471	742
833	63	395	679	155	800
810	161	762	474	762	787
201	195	614	338	594	808
772	306	451	772	450	272
83	12	5	108	112	776
960	539	124	963	681	298
481	499	556	759	921	456
926	798	619	703	968	382
535	762	173	914	857	933
513	568	919	583	626	491
721	146	616	344	957	328
24	549	610	598	281	224
118	558	184	965	741	590
371	388	587	496	141	395
589	364	101	629	79	598
646	789	226	147	760	742
660	429	289	213	182	478
7	554	890	410	929	531
720	880	425	131	371	736
686	526	451	942	712	469
501	181	810	60	829	17
53	241	352	798	1	28
536	129	273	843	543	410
199	173	613	676	872	411
557	83	134	83	121	834
56	978	149	157	335	88
738	846	790	89	722	89
162	141	67	441	75	983
313	106	742	270	828	261
434	473	273	508	960	960
496	260	300	215	189	188
128	903	962	311	677	425
981	712	981	142	218	916
122	427	702	178	637	261
445	444	197	354	454	293
45	859	187	771	474	76
393	971	4	174	262	84
106	925	395	459	470	576
158	27	142	36	683	309
565	984	140	937	696	739
57	548	930	983	462	63
977	317	784	963	597	965
195	479	102	216	26	875
98	96	200	830	30	906
568	612	721	171	480	621
860	232	954	875	343	557
264	61	972	302	3	46
375	503	957	334	604	87
359	445	610	458	205	29
214	149	676	914	29	807
328	789	958	323	323	522
234	673	978	714	702	144
926	918	918	334	616	695
99	942	609	711	805	342
898	885	180	673	489	594
466	103	605	1000	772	910
547	318	439	734	547	71
915	463	815	352	351	199
95	133	724	106	187	853
217	180	112	556	553	985
636	759	31	2	439	594
170	39	89	947	88	404
362	828	406	501	196	632
788	611	586	827	393	393
908	732	923	432	744	576
563	979	968	612	319	581
577	320	916	379	167	421
725	522	373	584	567	816
246	884	772	884	222	629
274	608	467	509	130	99
943	787	593	980	330	286
748	272	197	47	33	37
132	143	86	644	77	44
204	90	299	800	18	80
929	216	724	743	444	541
746	506	316	58	636	316
680	676	164	371	556	721
825	431	405	958	276	817
687	927	6	47	15	171
466	132	5	268	815	795
774	295	838	700	731	229
540	783	90	81	375	173
696	563	591	50	249	420
95	668	480	513	635	721
432	907	594	739	670	93
115	1	74	985	123	103
917	45	942	493	584	157
14	654	14	784	285	572
867	965	476	613	536	665
890	890	354	821	843	714
566	779	534	779	791	42
658	490	343	964	292	441
836	835	764	364	590	934
134	145	48	836	175	42
377	633	605	935	516	511
320	796	342	27	429	657
352	683	991	318	935	207
191	27	66	726	541	2
477	554	193	163	942	444
772	607	321	321	848	528
541	351	510	495	100	904
222	422	549	74	938	447
597	352	443	406	724	206
21	420	164	980	626	163
289	13	154	508	847	100
120	69	121	249	853	255
904	573	238	742	801	787
297	895	344	950	828	394
441	152	543	297	980	151
57	124	598	469	192	557
15	138	758	261	209	111
504	746	975	746	655	878
705	946	832	664	303	904
992	482	713	325	291	68
968	35	218	771	684	671
245	889	409	58	954	117
92	426	59	501	269	182
952	283	234	153	77	106
164	34	622	966	670	246
616	103	616	280	185	59
733	568	360	474	976	570
962	551	78	589	425	193
558	521	225	988	558	421
643	643	838	326	361	645
140	684	212	949	529	881
782	782	400	958	478	348
836	134	999	50	334	30
688	688	955	266	71	802
700	46	736	312	871	851
811	329	916	150	603	293
954	591	688	222	183	408
954	46	606	295	885	954
660	877	126	198	304	27
272	503	169	943	975	244
748	760	980	542	153	44
813	510	60	751	382	596
85	456	85	663	180	137
528	391	618	999	454	1000
239	624	680	793	506	466
674	285	666	266	270	11
428	892	109	152	102	47
449	407	525	654	787	620
292	341	40	693	588	131
116	850	788	720	327	862
578	86	654	220	17	861
637	82	899	808	899	766
566	383	326	326	525	944
810	813	931	561	63	919
355	982	898	924	247	681
103	209	427	427	30	406
242	581	675	22	961	890
412	737	852	600	298	368
740	800	223	39	119	143
204	196	962	845	301	659
967	20	426	204	888	77
19	395	28	899	125	15
477	922	427	896	24	965
595	796	942	927	859	74
640	269	141	469	658	141
516	268	280	733	369	314
619	34	626	961	469	258
246	687	135	99	466	292
762	833	933	69	696	450
594	488	705	752	997	488
807	199	417	666	196	696
303	106	229	546	737	331
715	932	393	163	71	311
839	633	454	519	478	616
155	959	274	176	21	6
253	235	222	590	429	877
563	653	141	347	30	516
615	185	512	992	740	600
616	803	891	670	420	982
61	865	110	827	816	277
762	68	104	842	131	622
907	710	710	994	124	978
980	734	29	347	836	421
452	600	806	595	675	70
548	691	216	347	916	557
667	492	492	222	125	401
768	769	132	520	785	83
878	868	27	868	588	394
601	655	436	683	471	478
465	946	782	77	147	595
391	34	503	615	305	353
616	77	382	801	814	468
231	882	373	918	240	973
117	561	109	6	904	227
720	563	516	957	398	583
845	2	992	569	703	787
88	213	325	70	883	148
933	786	398	551	474	933
166	756	949	12	314	134
395	693	748	973	730	395
276	956	353	274	49	885
281	891	265	80	103	5
957	119	44	314	151	81
837	812	519	895	33	548
393	914	854	744	887	854
779	107	270	131	172	82
959	982	611	759	76	351
523	782	182	845	34	287
607	785	646	154	876	832
490	100	421	828	819	75
723	678	851	446	960	196
906	334	868	301	175	990
167	587	719	223	223	518
230	647	179	885	243	857
405	85	837	254	315	152
285	40	131	285	297	847
163	949	257	291	168	14
249	283	280	283	357	142
110	758	266	508	685	763
992	342	86	185	223	42
437	891	527	226	893	653
91	679	835	800	327	856
263	186	161	161	227	121
719	892	741	946	554	91
562	109	500	247	653	109
869	869	754	409	130	740
340	525	654	746	571	400
528	731	269	982	335	713
275	402	956	693	338	353
632	783	974	789	130	42
387	737	669	371	209	795
598	816	353	236	925	109
109	58	4	189	725	91
164	6	349	123	963	308
130	621	670	950	130	8
626	194	672	705	33	999
521	183	993	814	644	389
861	683	991	929	215	646
784	73	81	417	991	185
39	212	24	219	226	902
651	194	692	820	781	370
634	118	120	80	242	25
816	521	985	366	297	41
401	834	924	529	496	859
118	43	74	834	241	263
19	649	157	737	135	916
698	242	499	231	96	574
640	888	626	817	700	207
94	282	754	33	120	116
85	93	127	188	993	182
598	481	98	126	977	846
31	736	756	40	171	756
531	296	493	845	845	194
856	902	725	888	96	858
594	284	181	712	610	641
325	181	793	446	775	185
289	159	467	467	802	673
17	636	829	281	269	234
459	314	412	412	952	318
15	637	389	596	89	138
434	527	548	195	608	381
185	946	884	347	80	951
245	977	990	555	753	525
918	190	631	685	125	576
982	703	621	408	704	8
760	626	1	87	703	984
245	571	993	996	129	326
164	113	35	353	971	224
578	798	356	68	675	219
873	215	404	104	401	943
707	250	899	141	123	963
952	221	234	592	952	819
829	56	247	106	179	109
546	510	773	3	3	458
307	834	824	694	834	915
997	428	989	938	41	34
961	757	769	368	897	961
841	711	58	587	364	663
631	438	82	572	44	19
306	35	619	504	87	700
454	520	930	824	699	454
932	848	95	951	743	290
55	819	456	712	859	358
316	86	968	254	9	18
23	957	199	561	843	993
728	337	900	511	245	473
11	67	5	254	994	402
957	714	872	944	694	825
119	560	616	663	497	602
909	533	86	849	67	431
846	330	337	183	764	319
37	124	762	960	89	623
219	170	381	374	647	170
647	191	880	76	923	208
875	522	836	147	525	877
281	709	891	744	294	69
395	841	590	604	730	359
674	820	345	212	31	26
400	561	234	504	927	21
52	545	909	666	334	255
220	541	156	892	891	680
301	144	109	832	818	912
510	693	181	82	965	741
52	191	515	172	552	415
8	426	793	457	731	76
245	16	626	135	520	547
141	545	117	475	568	303
157	397	400	384	855	342
320	341	557	548	322	702
26	971	517	542	663	588
385	358	324	361	138	465
258	521	72	487	189	646
233	240	980	230	253	541
161	862	154	316	139	57
266	793	620	477	583	302
204	17	602	924	541	632
713	711	24	579	179	215
182	795	546	884	669	783
589	667	782	817	667	531
926	140	966	691	129	536
600	369	402	168	332	537
789	422	834	841	91	702
336	268	935	354	921	750
291	52	952	952	681	284
309	706	510	574	84	533
871	258	313	397	921	997
175	29	879	624	585	374
295	614	188	103	775	522
322	830	876	830	930	366
978	841	626	943	626	219
15	389	706	34	464	504
268	370	705	67	188	307
204	284	599	27	413	911
199	288	989	492	989	429
867	752	898	546	752	369
662	293	390	81	533	81
10	882	26	32	69	490
496	460	696	597	496	395
220	139	784	449	606	456
206	261	599	653	319	319
203	958	18	267	355	92
325	384	810	474	921	868
800	634	308	519	65	264
164	170	358	682	307	164
161	95	3	944	456	110
135	536	690	70	416	247
749	224	306	716	308	189
781	421	178	154	534	285
542	528	720	872	28	69
260	80	417	989	167	944
859	809	503	946	384	342
498	208	476	464	389	295
148	129	612	869	244	833
964	974	260	625	168	728
691	861	889	251	45	970
996	533	223	118	137	583
394	546	777	374	17	758
374	700	944	789	368	17
93	658	367	309	54	499
999	144	119	333	227	48
538	748	500	218	881	12
177	884	332	467	23	824
523	382	849	692	139	201
942	67	177	816	713	836
403	370	792	210	379	297
964	641	388	516	193	379
122	758	725	522	684	603
701	179	160	828	154	318
4	57	157	439	871	139
196	306	55	350	220	196
668	764	25	116	370	231
452	857	946	331	143	452
446	215	727	768	845	827
952	859	436	174	687	222
184	793	26	15	240	10
409	44	382	727	387	773
487	287	461	461	732	501
104	582	591	795	546	750
275	47	514	757	801	529
49	817	949	716	936	353
16	963	38	483	29	362
21	645	40	811	581	568
5	74	879	197	211	228
646	494	2	72	609	624
368	554	557	121	872	194
816	364	484	12	144	451
763	29	37	621	152	314
352	128	718	437	842	210
149	937	196	154	193	175
583	124	543	776	639	24
78	276	163	70	254	891
879	673	997	335	997	551
838	995	75	396	744	906
731	956	672	911	689	368
963	696	908	618	908	592
64	657	787	487	220	275
34	117	487	375	878	694
627	32	36	513	186	528
908	110	470	743	721	489
756	512	778	519	602	528
353	495	391	300	964	270
917	418	112	967	441	751
775	768	306	709	450	759
803	822	12	231	239	377
579	622	2	305	711	565
313	608	370	360	559	658
257	658	285	135	378	348
425	653	543	861	353	288
583	409	828	355	392	471
67	90	572	469	10	582
676	813	190	726	493	951
118	329	747	737	840	492
525	86	214	893	224	340
750	776	519	72	367	302
342	29	504	398	499	204
553	43	206	899	267	527
878	662	747	166	111	857
320	641	331	53	466	53
54	570	317	166	236	532
555	942	972	913	649	535
794	62	911	8	423	951
33	834	522	58	74	962
630	522	251	326	951	718
269	59	9	532	599	544
690	168	165	245	260	278
387	238	21	18	61	884
434	469	637	637	819	156
55	765	285	285	30	787
384	936	771	269	690	384
521	992	69	223	29	43
35	341	124	972	26	296
987	446	987	917	167	552
784	993	679	233	978	169
531	218	329	218	219	185
870	802	797	802	694	881
403	552	166	468	207	306
324	155	597	652	538	929
489	713	572	394	671	77
912	934	922	688	847	784
524	162	924	425	943	83
805	771	836	767	517	566
786	27	257	786	758	405
280	978	423	223	587	19
911	388	456	621	269	343
284	341	764	902	984	422
266	200	926	244	33	117
251	826	128	826	356	989
318	759	502	815	946	318
184	3	90	368	23	938
859	96	390	991	49	636
143	149	602	948	233	935
265	42	254	264	42	227
191	688	975	201	968	116
918	749	690	632	855	330
848	429	791	947	420	151
736	704	847	925	561	925
639	405	434	349	69	861
628	91	54	652	349	887
562	701	459	159	791	355
156	649	579	171	648	677
548	555	55	741	808	131
635	572	818	796	843	279
137	295	566	723	445	295
101	414	307	677	616	18
471	628	938	815	804	436
151	845	859	64	275	576
492	670	639	630	719	843
510	254	279	795	206	658
971	316	75	141	313	25
14	378	378	909	694	798
297	692	221	874	29	579
448	368	145	368	772	324
185	122	255	175	435	374
61	94	37	923	306	236
364	583	290	268	30	170
37	175	535	94	283	226
564	353	531	882	13	139
154	65	45	354	199	861
19	885	925	753	396	872
123	99	768	356	123	125
660	16	120	47	277	66
627	238	136	78	42	65
18	215	743	635	110	943
701	65	56	459	639	104
984	742	614	592	525	141
381	206	74	950	95	152
828	329	370	54	768	435
71	966	71	873	427	418
498	352	383	535	315	432
646	909	311	309	619	311
921	341	11	86	57	226
327	810	384	598	362	964
151	78	143	363	278	537
25	209	259	924	125	104
719	989	70	566	175	867
212	979	172	59	569	272
367	254	914	946	791	923
564	278	98	967	834	572
333	142	150	495	862	392
596	364	499	362	525	66
24	977	641	874	561	114
861	923	861	371	41	114
915	160	557	328	764	656
922	358	889	31	970	460
8	604	120	143	50	243
712	800	657	657	781	93
342	739	6	442	883	130
643	867	245	291	342	996
93	38	56	595	58	68
757	975	581	106	931	49
285	464	774	238	169	355
867	556	517	531	239	225
68	211	129	14	373	975
845	45	53	5	357	153
394	572	35	569	480	19
469	59	961	17	265	122
966	435	611	49	328	409
473	646	385	430	30	707
957	305	818	281	281	691
67	631	888	42	366	394
940	888	648	805	874	598
537	10	654	75	581	347
946	92	223	296	28	60
538	525	780	676	806	491
68	28	586	105	995	302
311	10	11	68	143	143
495	659	334	333	497	973
620	39	513	37	28	655
724	74	906	74	74	555
69	438	2	938	333	80
357	808	277	103	518	357
509	93	260	784	866	375
470	997	862	525	256	583
760	748	755	807	139	680
64	419	413	224	134	619
610	886	219	685	274	371
60	303	121	121	79	432
789	479	741	12	48	740
677	331	101	726	518	366
431	806	902	506	881	334
490	562	47	947	787	575
71	614	210	231	937	209
125	140	485	463	653	442
180	733	551	480	831	29
183	192	664	609	398	222
128	63	213	283	283	134
729	923	988	509	310	482
45	231	349	89	349	686
829	674	589	871	566	293
362	202	184	861	901	427
88	335	347	335	149	893
48	158	330	107	824	124
884	884	588	620	545	104
615	165	632	295	699	214
898	243	941	737	914	495
352	709	654	937	336	243
81	103	677	103	941	45
944	692	326	256	989	612
91	107	198	896	469	207
39	360	267	13	2	882
47	7	115	29	378	21
246	423	515	989	84	827
644	156	480	333	804	644
964	350	876	959	307	566
270	339	21	93	336	321
646	241	682	706	179	217
521	989	136	560	307	474
609	572	215	572	532	291
640	71	432	466	210	991
279	823	153	514	22	23
499	740	861	305	713	421
685	879	97	722	376	259
705	878	653	941	977	893
186	90	130	128	245	868
27	190	593	821	246	751
208	620	532	772	274	129
909	791	199	536	910	83
340	345	986	129	833	757
187	68	350	195	472	472
300	860	761	300	527	443
482	128	3	392	78	786
108	424	776	616	350	793
831	49	831	640	963	587
307	363	161	912	307	44
17	616	318	405	381	6
542	786	898	78	888	109
918	962	829	234	962	414
543	327	552	5	694	560
689	691	707	213	691	320
326	855	22	777	962	8
457	710	724	505	505	245
548	813	141	802	394	813
101	697	759	48	800	676
808	946	967	210	860	778
545	967	695	679	194	843
19	208	967	206	270	213
922	81	660	307	596	660
909	909	864	290	827	871
575	708	272	914	113	436
658	416	871	478	137	525
156	366	403	57	379	822
435	281	386	295	95	386
660	566	745	973	588	699
670	904	723	186	184	821
890	939	203	825	190	959
160	463	207	940	817	570
135	549	45	172	14	973
480	255	710	417	69	491
123	60	257	993	564	599
635	210	866	58	766	695
70	480	210	361	240	787
210	589	314	987	573	376
810	335	15	170	112	113
539	683	700	17	801	849
983	351	158	205	516	839
65	869	297	346	33	77
997	111	912	514	754	537
357	804	374	620	412	411
411	513	339	330	432	556
719	385	963	640	513	60
455	146	817	209	138	288
593	961	977	170	9	352
908	456	742	335	452	363
441	42	193	988	230	926
16	442	188	286	557	799
40	255	750	400	595	981
382	970	549	450	253	152
958	346	266	5	90	58
879	879	469	33	381	631
22	838	337	599	296	838
664	788	127	850	528	348
100	245	999	594	418	63
874	39	762	291	71	20
681	814	681	19	830	869
520	377	829	48	882	518
487	437	6	308	375	573
132	210	61	411	201	454
523	203	624	80	278	369
221	81	32	675	908	161
505	81	606	731	614	673
874	804	652	871	233	422
601	518	306	513	752	549
881	605	421	421	844	992
54	582	481	595	304	443
413	543	740	645	216	454
317	825	124	402	58	879
476	978	310	56	1	44
606	517	59	678	287	519
615	666	488	873	462	802
368	61	305	151	317	955
243	874	887	788	711	802
213	983	280	358	24	34
766	271	839	451	617	583
457	52	235	457	734	451
166	681	119	178	721	178
874	652	375	193	198	176
778	997	756	164	692	970
195	195	121	744	203	128
961	498	151	489	636	636
516	447	972	45	692	943
536	491	225	517	25	528
151	742	207	95	702	119
292	167	209	897	19	39
680	397	51	334	135	537
2	885	789	246	779	270
711	127	973	747	296	469
991	871	377	430	430	172
873	949	492	328	651	413
569	155	835	359	753	154
344	556	11	540	477	173
357	857	493	181	605	218
195	684	718	366	377	853
919	599	147	130	954	570
495	436	632	46	771	366
10	101	55	354	296	838
630	247	964	119	840	646
151	98	132	543	114	381
535	845	469	535	502	144
521	923	740	104	75	937
434	218	882	930	12	316
743	652	926	196	743	135
613	856	967	917	325	278
987	905	19	552	412	348
229	806	523	195	705	549
699	502	720	443	596	166
887	37	97	78	62	175
446	621	97	24	621	835
795	625	539	767	970	745
127	368	127	68	60	405
975	967	718	29	273	686
178	5	81	839	289	269
503	541	413	29	413	973
437	148	440	712	350	676
28	17	414	145	500	145
611	582	611	930	740	529
322	407	140	443	554	381
967	962	141	147	388	410
808	659	612	360	455	88
692	872	463	601	808	601
165	684	616	67	154	118
558	500	558	241	863	165
120	229	575	58	553	943
475	118	398	862	825	143
35	147	204	181	815	529
797	448	743	571	546	800
1000	756	564	329	748	564
449	710	95	977	224	181
157	96	402	73	60	806
582	909	372	995	426	62
91	956	111	30	68	580
227	497	497	358	26	481
722	451	213	45	464	593
739	341	893	361	896	333
629	679	669	505	298	751
285	589	23	981	855	676
198	708	627	443	80	755
313	300	144	277	313	234
106	603	428	906	788	735
903	192	850	987	44	979
252	953	492	653	854	498
538	271	907	989	980	4
75	1000	3	361	55	213
781	461	990	79	916	683
560	829	480	690	377	938
490	681	888	315	377	40
531	919	691	763	175	675
193	947	38	379	176	21
78	90	116	683	432	66
128	625	534	287	296	311
512	312	781	698	92	493
541	806	288	937	949	949
334	692	479	919	492	36
461	505	786	206	824	169
88	308	121	37	931	101
172	454	386	573	360	12
864	583	861	130	630	273
244	492	349	996	537	904
64	41	597	638	672	784
268	35	5	390	28	172
922	852	101	432	686	686
922	951	743	821	20	779
410	916	591	833	34	192
453	237	48	403	665	712
400	348	176	400	281	524
294	326	55	461	300	900
941	17	68	21	563	138
435	232	474	321	945	556
846	139	996	49	802	138
39	981	479	860	326	213
388	49	709	411	890	791
6	203	109	649	934	937
620	932	820	878	892	986
976	717	855	610	117	766
736	736	701	323	319	468
123	449	335	985	701	357
812	846	940	23	937	558
468	795	353	711	521	62
120	26	184	323	773	226
229	456	443	540	977	613
811	979	805	622	644	864
474	618	410	855	513	9
590	112	581	74	844	489
587	277	277	961	118	184
16	401	934	714	940	714
243	887	747	868	923	884
924	936	592	497	500	69
121	395	678	123	213	678
89	961	572	83	469	733
982	19	374	11	45	453
84	3	140	370	963	182
280	962	58	82	311	25
944	10	942	450	545	411
269	370	244	957	269	651
613	897	647	194	203	67
570	846	717	53	742	377
940	797	556	556	34	74
659	442	664	769	659	111
119	299	424	34	166	401
753	315	207	84	959	721
534	36	873	617	371	36
127	466	466	520	821	603
511	692	501	588	946	183
714	837	661	651	38	972
143	926	831	51	299	290
481	621	470	297	2	723
506	252	31	143	692	511
266	469	16	537	830	771
371	534	307	162	701	315
505	697	423	314	38	763
153	153	121	817	91	996
909	510	510	727	124	291
713	371	37	19	225	56
226	948	408	277	277	893
131	31	809	809	272	780
617	277	243	224	59	479
290	257	571	80	147	219
601	931	178	434	393	929
44	95	326	899	57	281
941	730	753	825	761	761
81	958	737	12	405	737
701	553	255	316	515	636
918	866	228	880	228	298
925	911	753	833	259	868
30	624	926	126	917	605
50	172	166	23	487	28
294	818	843	91	294	710
652	211	823	692	599	457
999	238	413	80	374	219
571	374	713	79	593	247
24	484	280	914	603	434
83	914	600	904	268	276
505	75	524	102	981	754
873	135	265	130	83	48
945	167	383	826	945	680
786	696	259	908	240	224
32	590	226	178	22	76
96	850	333	27	218	478
445	144	86	961	68	85
578	769	277	630	905	907
406	596	991	231	86	436
709	721	108	439	894	765
353	198	651	353	137	836
115	153	9	987	877	360
252	847	696	930	253	930
216	766	127	216	989	601
114	785	817	481	409	850
203	374	480	562	472	472
212	973	41	113	305	274
212	311	611	611	352	371
151	141	69	114	353	975
104	30	623	745	155	980
1000	139	427	668	351	980
905	960	57	216	225	819
860	423	812	336	770	762
448	912	91	133	133	237
175	157	936	675	857	365
97	223	609	749	549	506
150	411	368	282	1	411
248	641	994	486	68	179
78	232	78	853	956	705
312	412	672	111	127	11
870	185	58	690	20	708
418	834	969	332	125	358
600	469	3	987	273	600
979	665	583	966	953	548
794	260	330	354	645	588
867	182	22	881	152	457
198	392	30	387	899	317
120	159	748	6	385	977
358	522	538	961	361	238
780	714	34	631	272	714
357	195	447	867	469	199
820	6	903	85	188	595
543	62	33	33	650	169
830	749	730	162	924	162
529	723	674	282	723	493
443	935	704	915	94	921
115	963	388	372	545	871
893	758	663	878	640	53
727	500	783	687	189	616
674	679	222	232	940	312
315	908	395	79	831	79
83	881	109	259	239	65
268	257	280	2	286	414
293	734	490	673	383	541
797	107	329	648	591	935
133	419	283	522	424	973
989	605	228	595	539	884
734	997	828	280	377	877
915	231	330	414	45	920
602	613	895	221	722	145
843	110	109	76	212	86
40	638	686	596	784	308
608	559	820	958	49	767
133	666	119	780	929	780
891	277	859	941	627	351
396	343	790	91	28	870
606	284	284	466	948	162
429	460	698	544	47	13
175	59	568	218	400	738
671	972	27	671	858	207
411	69	262	515	658	878
435	810	132	435	451	205
237	556	623	23	383	23
833	669	471	907	926	983
836	577	434	819	743	99
255	92	71	597	422	367
64	874	546	956	812	734
469	737	377	434	461	314
794	498	789	310	271	498
529	337	85	295	470	518
379	671	671	548	830	19
349	727	135	620	727	789
587	517	592	438	847	202
121	91	910	315	912	473
598	773	712	984	440	703
88	209	716	52	944	277
887	700	962	751	82	754
887	399	264	539	545	27
770	91	803	370	913	621
980	869	625	855	963	625
42	609	716	794	437	667
853	231	356	515	738	873
144	224	706	725	296	350
568	517	219	161	653	859
736	811	876	602	602	255
830	937	830	106	22	502
813	34	269	461	513	139
633	705	397	296	705	433
583	10	13	845	379	10
260	479	952	805	928	848
232	86	446	629	317	731
165	102	78	747	370	1
286	362	377	299	123	491
149	278	240	771	214	644
537	557	373	71	327	539
210	589	252	22	546	134
270	10	363	421	186	498
269	406	268	979	392	505
421	132	255	447	879	468
10	467	742	731	688	539
953	70	116	383	115	126
123	198	18	18	824	554
237	501	766	175	751	313
175	504	3	175	238	195
675	533	254	495	864	66
55	473	230	89	34	204
749	651	39	248	518	396
919	627	136	508	627	90
396	617	739	309	495	739
11	64	465	67	38	122
194	335	257	408	238	143
419	24	523	44	940	210
815	830	553	907	597	1
247	653	698	745	593	519
204	643	327	114	626	42
231	883	241	49	241	787
465	92	151	710	342	691
914	201	422	652	782	467
765	79	398	904	598	747
17	213	213	8	272	722
229	562	622	385	91	679
55	62	145	44	775	143
86	63	235	528	308	362
277	69	69	406	903	732
672	403	970	544	544	277
251	394	649	765	681	621
866	872	786	786	37	174
650	352	743	800	502	863
39	200	939	254	182	31
70	335	309	128	266	309
788	980	863	577	760	781
194	129	381	793	870	666
267	127	56	20	253	868
90	500	139	226	617	779
775	402	81	736	563	351
39	480	954	635	416	925
218	573	311	771	428	68
247	173	826	783	143	656
209	934	246	336	327	898
729	871	690	557	70	967
276	816	500	892	527	383
633	208	633	410	735	551
340	565	952	370	857	370
557	754	52	82	183	557
810	800	505	268	495	365
552	565	522	841	510	695
214	888	211	7	191	873
789	726	385	365	503	211
330	766	800	450	866	877
964	110	103	25	469	68
667	627	834	557	667	175
17	50	691	837	868	1000
50	363	725	164	279	982
995	819	497	3	827	827
913	868	436	153	733	718
904	474	350	621	404	793
951	439	871	49	454	511
787	544	522	77	385	162
733	752	683	728	752	495
446	560	605	105	6	652
189	365	777	479	268	268
913	138	127	423	684	831
270	908	925	424	589	397
482	29	51	65	15	268
297	108	930	293	422	397
584	584	764	549	465	181
708	902	902	418	169	405
786	205	786	573	552	3
887	166	813	993	877	298
563	194	529	758	568	170
201	241	245	188	481	551
234	986	349	106	671	864
586	93	952	599	11	75
525	745	178	18	379	494
595	86	793	797	300	504
396	747	766	213	430	893
181	40	458	574	887	889
974	316	679	873	9	987
606	927	674	322	565	1000
559	105	427	815	239	348
494	946	982	654	648	369
877	464	850	723	636	395
649	48	503	112	990	535
965	644	311	555	81	727
548	641	690	983	609	514
884	186	113	649	348	348
669	754	727	590	795	466
438	626	134	134	339	659
295	549	541	484	784	12
36	572	25	237	135	79
825	825	624	384	80	358
502	87	856	107	427	268
411	518	194	167	224	518
785	370	616	997	783	783
418	294	321	29	188	877
769	316	222	222	613	590
881	51	616	804	804	327
432	153	228	113	83	978
147	528	490	869	40	444
710	710	354	631	232	523
647	394	364	713	345	867
652	929	448	743	864	193
376	3	464	739	485	500
345	567	948	345	593	239
270	941	508	2	330	676
701	804	505	115	627	505
252	853	958	480	949	539
185	611	492	185	640	235
735	483	93	106	674	628
805	858	859	115	457	575
733	715	660	934	266	705
288	242	73	396	603	486
683	348	89	765	883	501
816	715	816	390	708	391
895	444	540	264	254	590
167	388	126	537	30	740
741	887	389	922	325	716
122	747	878	904	647	957
314	464	391	358	229	799
676	37	585	420	239	945
676	348	915	819	205	330
331	572	371	977	606	968
802	836	768	867	866	509
176	847	966	435	880	201
258	182	630	618	970	676
578	986	509	95	201	567
661	189	672	437	674	881
375	912	406	434	605	841
823	631	628	158	217	852
462	839	78	805	389	463
746	438	478	963	881	578
291	703	83	866	569	610
555	133	994	558	558	747
766	408	291	896	385	631
247	514	404	939	86	320
767	708	708	184	378	579
92	856	118	789	709	307
646	549	655	646	696	990
523	501	302	185	702	313
960	800	473	395	497	750
190	457	883	899	908	918
456	851	469	192	166	225
681	842	736	253	773	411
37	957	205	88	21	540
976	442	983	713	614	642
230	488	557	433	902	859
784	379	72	653	555	640
392	346	245	875	110	199
593	461	729	482	704	602
904	88	537	696	496	287
930	706	933	491	282	851
248	51	438	825	967	131
872	87	723	595	595	613
914	799	25	203	799	344
17	898	977	876	170	921
119	25	382	774	431	382
271	469	701	883	709	90
917	917	647	667	613	609
272	603	995	228	466	168
934	945	615	623	658	310
312	395	112	333	779	875
208	172	68	10	67	632
103	805	7	58	143	222
930	588	298	362	555	547
924	891	535	647	819	924
815	815	326	72	748	714
456	332	39	275	929	332
230	41	351	812	230	522
274	134	552	947	504	908
784	373	895	625	916	749
895	817	690	506	779	89
42	923	556	301	339	923
630	232	149	149	198	742
724	45	583	908	427	135
87	154	729	9	274	189
84	742	824	912	419	76
273	277	448	809	112	314
808	475	992	785	343	347
980	510	910	423	289	194
835	94	139	590	377	631
606	837	21	357	17	75
115	544	82	51	85	6
148	161	733	120	142	45
240	3	846	766	520	988
780	357	87	702	2	160
119	104	994	13	131	96
148	883	4	127	308	387
198	613	934	904	343	987
70	843	30	206	237	275
974	312	145	270	841	620
540	196	112	914	35	363
774	637	279	691	606	197
295	693	170	924	613	386
462	812	609	393	941	908
780	217	882	356	630	313
101	544	644	172	644	482
527	438	494	948	686	286
746	738	484	748	48	590
727	607	170	512	512	54
732	131	675	511	52	264
200	666	37	781	438	74
111	844	10	3	621	94
979	103	233	193	605	681
751	148	176	210	860	927
924	321	416	314	531	304
275	786	777	195	608	153
602	635	76	1000	780	190
155	696	163	896	98	20
188	518	218	942	346	804
23	188	757	248	539	572
566	550	848	408	803	803
955	221	423	828	574	36
861	856	153	861	128	131
986	55	211	106	292	42
629	938	445	435	355	147
994	93	139	262	705	288
122	371	723	942	154	143
442	940	303	736	438	488
22	209	381	891	267	27
670	628	690	628	230	701
370	296	597	1	143	346
986	191	315	919	578	17
710	200	4	349	962	575
695	944	705	159	324	611
250	965	880	695	540	286
515	228	196	983	716	755
480	190	937	394	382	776
300	884	543	397	781	346
787	598	283	857	87	480
369	354	324	545	382	590
188	86	559	528	362	259
942	216	60	598	408	956
262	997	964	897	901	32
986	463	436	605	593	842
732	203	145	678	840	732
104	646	422	228	263	599
612	382	700	728	534	24
520	10	918	520	716	741
695	441	925	703	123	455
248	535	570	154	156	584
754	68	429	480	579	202
265	604	137	667	84	229
413	27	413	489	777	847
716	974	685	322	411	898
225	559	890	328	996	233
254	84	3	849	47	111
186	365	273	19	191	318
85	126	884	426	187	78
924	990	223	14	381	427
36	177	797	689	525	177
773	209	375	600	600	980
932	932	507	328	897	299
863	844	265	198	304	198
581	543	791	659	202	791
56	642	493	590	763	980
931	728	432	984	58	511
128	314	896	408	743	180
16	213	942	16	778	413
731	986	284	521	835	309
475	124	749	475	91	533
809	390	86	318	658	318
652	25	439	993	827	35
432	21	170	933	709	663
509	398	245	232	614	654
480	67	98	727	450	47
90	78	447	415	311	609
297	737	166	84	173	434
491	42	557	817	671	557
71	943	290	454	52	23
915	385	385	16	399	998
682	671	206	365	310	753
344	50	914	164	150	122
993	591	803	993	623	523
312	447	707	227	49	27
407	869	375	926	686	498
432	907	565	906	272	860
591	277	492	108	766	450
378	726	949	510	651	691
80	720	995	285	630	96
955	227	38	410	63	84
91	20	136	691	8	314
145	246	123	81	923	18
366	640	891	864	73	625
286	487	457	780	427	843
557	642	698	867	486	21
487	698	701	94	530	210
483	649	59	604	720	483
504	785	567	79	662	670
295	624	864	615	48	37
142	334	236	425	482	594
957	845	87	595	56	616
761	677	276	384	136	35
933	234	6	294	550	895
982	977	440	423	733	645
845	780	572	195	673	886
149	314	311	311	465	997
795	806	799	799	400	388
844	688	919	324	688	4
37	313	129	469	430	967
568	784	52	368	85	85
640	255	665	600	23	575
686	307	987	641	943	93
1000	432	9	170	38	670
116	981	199	143	443	729
628	40	304	373	229	282
705	690	946	29	128	105
527	80	656	527	601	510
410	454	581	381	483	953
634	634	296	392	959	377
800	867	862	990	100	887
66	234	853	23	114	69
808	433	738	276	573	805
628	996	448	981	963	136
580	178	218	391	494	204
406	396	729	919	728	858
629	534	639	835	258	71
25	875	379	299	39	81
178	3	100	484	795	570
231	21	781	57	231	641
623	899	986	868	410	807
229	798	960	158	499	132
861	931	912	906	353	85
394	841	926	475	149	483
861	218	229	780	229	373
926	41	750	465	978	450
985	464	200	435	610	529
746	717	876	310	52	52
781	794	359	99	333	545
501	442	467	593	401	489
351	110	386	975	635	463
731	328	119	541	340	715
113	536	72	175	17	49
677	922	472	196	499	241
889	708	699	109	905	109
561	202	881	791	345	80
185	639	255	403	584	983
615	600	239	21	59	574
752	844	187	613	950	251
25	227	191	321	832	13
661	28	500	423	305	710
438	823	565	286	240	764
246	269	269	812	961	111
396	30	583	1000	168	558
40	233	5	299	827	104
113	2	20	434	848	150
995	788	676	542	277	486
876	693	301	109	79	403
943	985	75	17	75	846
641	79	722	241	584	241
179	240	7	568	426	568
709	189	957	505	260	714
644	494	155	363	329	446
271	172	51	955	885	352
277	775	846	636	658	400
683	271	318	620	232	683
585	872	390	368	653	81
86	81	977	99	516	171
80	841	356	860	733	48
575	592	175	849	387	484
823	201	340	749	209	189
98	866	496	537	553	204
891	366	814	38	38	194
881	447	846	706	513	530
208	844	886	62	164	675
280	515	322	535	96	624
52	125	743	616	359	902
861	710	272	681	571	927
751	1	84	56	192	203
160	936	229	44	480	157
126	213	102	976	47	4
16	63	998	26	183	527
971	833	811	48	343	357
555	674	614	991	35	928
41	528	422	888	9	98
831	323	782	984	817	408
277	622	540	562	13	232
677	442	827	134	518	589
527	855	894	824	25	733
392	124	711	694	156	519
900	875	875	459	282	976
297	555	227	367	394	555
19	82	774	218	19	428
162	450	905	307	362	525
586	693	717	717	208	77
787	36	5	79	235	248
118	973	413	321	250	386
997	728	369	335	910	707
997	446	385	309	299	604
135	211	738	568	99	738
284	168	27	800	55	63
268	229	317	144	784	400
693	108	607	923	498	446
290	943	653	307	580	185
973	83	253	840	702	537
105	106	64	176	874	346
408	679	225	565	175	225
813	96	346	504	218	155
952	573	727	335	569	695
880	869	42	253	872	722
950	171	414	518	114	469
165	180	69	242	945	273
328	118	57	326	965	60
976	784	315	372	758	895
936	406	697	907	805	658
658	779	658	501	286	223
549	364	472	405	24	276
383	430	896	894	410	932
782	899	960	467	755	530
882	592	516	992	93	254
759	389	762	759	789	403
887	662	909	873	666	662
578	1	767	94	488	125
178	76	213	181	123	932
817	956	329	817	466	286
68	75	198	799	52	149
337	365	38	982	573	825
11	61	496	166	992	233
362	904	149	721	784	121
411	312	314	877	264	325
860	83	971	685	190	827
432	969	579	103	185	502
885	498	880	990	278	127
850	613	571	137	668	51
181	693	734	702	370	863
395	630	595	481	752	691
835	732	18	665	966	716
720	938	844	7	81	57
356	373	381	441	66	356
357	53	691	931	234	390
385	70	546	435	260	853
848	127	250	145	114	175
756	560	436	154	686	615
892	544	727	747	185	767
256	86	871	983	751	493
11	101	999	906	710	711
653	512	657	423	141	458
616	130	113	772	914	109
760	219	737	698	870	320
406	710	527	334	468	710
457	924	302	262	869	184
213	858	12	471	347	199
508	809	353	426	243	665
408	440	100	386	334	986
729	696	231	884	545	634
603	626	188	710	254	182
899	191	997	449	997	864
111	158	262	50	815	211
460	30	893	837	791	936
757	934	445	643	86	202
54	686	33	976	564	252
318	265	746	530	442	843
420	316	85	285	650	580
464	814	750	796	841	294
236	705	568	746	815	902
19	467	985	276	198	126
789	718	465	414	740	663
236	717	659	847	688	277
277	426	175	1	474	565
591	284	459	787	261	353
436	322	693	327	10	56
878	537	846	779	779	750
993	6	259	899	598	21
176	962	915	875	315	398
511	125	125	48	252	272
329	735	8	724	603	702
563	411	879	178	655	501
24	260	990	262	57	95
242	392	757	194	849	706
762	336	237	101	567	762
102	684	532	489	367	417
201	840	953	542	302	862
751	661	503	69	35	935
909	481	309	177	409	814
764	855	454	827	669	885
323	777	869	3	348	289
14	685	147	700	851	84
149	955	119	196	548	954
501	205	761	18	307	939
136	611	127	297	243	596
439	951	810	554	835	779
512	466	107	35	21	167
942	345	511	172	241	269
2	261	236	693	438	451
215	731	395	642	852	101
122	83	34	29	338	883
81	56	104	373	197	882
132	67	734	844	71	611
819	54	537	263	923	32
504	66	405	816	405	657
571	567	778	476	739	281
967	104	152	920	800	149
444	230	481	737	400	617
290	714	719	757	992	93
915	52	57	6	59	123
119	254	834	84	775	205
653	611	901	864	32	422
309	35	588	800	163	35
331	92	286	877	838	320
669	363	360	669	177	197
22	463	284	55	43	908
47	218	26	7	551	209
332	321	688	842	259	688
424	527	795	874	959	874
898	982	77	737	255	447
970	40	970	3	701	198
79	402	636	260	561	596
348	42	678	920	969	42
131	490	205	476	214	622
610	1000	977	39	684	1000
213	794	121	400	494	16
825	423	957	645	213	917
835	700	407	846	36	594
318	467	232	343	977	928
325	847	535	414	620	900
950	162	375	131	3	250
645	27	682	151	971	728
415	697	915	35	303	416
195	506	749	587	587	212
397	517	532	788	805	754
237	231	35	65	165	837
972	792	310	56	195	820
854	13	671	13	165	731
435	186	989	634	550	476
205	814	113	396	327	517
946	787	48	250	599	936
589	811	46	483	995	931
480	997	170	780	398	718
791	371	961	771	50	480
535	14	114	190	573	648
19	826	512	439	745	757
960	36	763	454	633	888
406	266	624	939	15	619
204	587	16	442	208	358
91	45	91	582	380	362
106	348	405	545	442	995
12	192	113	318	14	893
871	406	265	902	258	191
199	260	25	491	551	286
703	896	995	8	161	440
171	372	174	243	522	676
126	937	199	203	72	214
813	422	245	151	410	245
864	332	267	797	33	937
422	783	856	783	37	509
4	683	250	514	514	349
480	365	164	975	438	890
645	859	331	134	677	315
642	379	685	382	974	24
895	990	314	800	931	143
401	475	479	567	860	948
631	81	195	163	976	489
841	56	299	33	862	279
624	829	437	230	664	593
972	377	273	972	782	27
49	247	800	368	300	626
526	117	914	850	987	64
477	455	432	468	707	117
257	209	714	259	942	380
279	585	315	308	843	279
419	551	427	744	322	888
340	252	520	520	292	412
499	350	543	816	142	10
851	861	636	290	528	170
414	203	203	748	728	546
90	491	930	343	99	655
153	156	136	253	148	871
503	120	176	698	689	225
734	808	289	22	87	288
3	709	558	713	194	939
798	87	438	880	333	87
491	123	826	278	547	804
147	261	543	169	694	743
233	202	391	604	693	197
860	900	1	225	265	4
717	617	530	929	564	246
531	500	792	531	480	145
450	623	361	142	84	523
216	553	850	798	168	621
805	805	119	831	108	189
666	98	357	357	888	176
604	555	686	612	731	223
630	489	34	184	656	727
404	744	774	911	601	872
368	287	182	909	973	253
212	271	507	212	447	146
8	583	825	466	521	798
579	449	473	5	141	825
744	647	998	605	854	120
266	554	389	136	653	519
464	925	289	340	760	265
139	326	550	462	683	60
420	529	214	340	217	330
123	76	918	265	210	204
258	6	173	911	85	257
17	27	347	175	143	808
423	591	429	359	429	726
263	190	124	577	859	634
66	192	498	373	906	906
795	24	345	908	321	786
516	891	450	53	790	516
358	396	418	811	472	793
182	706	373	187	180	935
763	528	997	156	26	692
564	727	988	820	367	68
839	287	769	726	26	591
846	176	383	719	903	420
985	116	665	40	188	404
753	887	847	336	870	970
585	363	543	370	460	129
80	50	840	160	262	317
515	665	221	91	468	113
356	974	58	83	208	149
418	211	74	723	337	723
253	389	377	648	392	178
91	534	684	622	828	684
612	833	580	964	644	829
759	8	953	935	590	757
446	531	872	608	872	515
789	945	549	789	851	770
406	750	501	759	45	567
478	478	687	268	488	995
167	238	817	628	653	916
295	869	304	623	623	77
858	104	225	665	227	700
416	757	120	250	205	221
25	594	307	26	574	307
99	603	937	339	311	484
270	858	448	937	129	394
325	423	787	325	895	723
688	111	602	459	68	120
994	657	994	112	864	94
200	769	276	628	467	85
551	813	182	441	205	212
51	352	27	921	61	387
570	930	652	365	365	143
186	592	782	32	682	504